0	184964515	389081073	263723790	34226086	64245475	26967257	22684136	188854425	52883238	305512397	282621568	314136785	372970352	253285890	218561795	3730531	353274716
1	17524072	16887507
2	7396542	16453313	20727483
3	15913	3253671	9746442	11947382	18285245	24673002	15234657	4398351	59414975	30942099	61040833
4	18221479	7750492	30103231	17156000	50393960
5	3829151	10350	783214	12930352	14319050	20534486	15818391	15416485	20727483	16453313	15670515	20536157	24741685	94948125	14118444	3202891	137821750
6	115485051	145753059
7	46443549	17221819	2243291	19631395
8	2576401	11918512	12294012	2093921	420183	7813092	14119000	2718241	609233	1303241	3379461	7123902	14104934	14256850	15094420	15282719	15362353	15464559	6253982	3293391	14863134	7405512	2038	14142469	14923505	18297910	18543437	17140787	20273476	15681517	22959778	23035130	23679647	18285245	25781935	28474996	15059471	19990554	42563517	44407802	45145208	23672517	48947613	19525782	23276219	22299816	1024221	39254505	25780026	110362280	15955301	45453816	16514593	147387316	16436515	141765191	1950981
9	103869456	16446695	16540939	15773675	48342197	15395727	15027362	6368672	62825872	142255009	51813392
