1	428333
2	618593	16657117
3	61819621	10266802	27242126	44655553	131884083
4	618593	83883736	25142522	109118877	80273245	145753059	16657117	126881128	14667274
7	28365960	18660360	21346559	17964423	51254240	31352453	36182824	18166557
8	61819621	131884083	32765534	41170823	10266802	27242126	44655553
9	15028425	31986700	25142522	678083	11340982	14120215	1899531
10	818489	3839	14538601	9453872	5637652	15808827	14538636	1501471	16974245	1899531
11	428333	16129920	17814635	35432497
12	45919912	197141866	24008967	14667274	126881128	16657117	145753059	80273245	25142522	109118877	41170823	83883736	14179822	809760	4519121	11340982	678083	24608680	618593	1471021	641433	9663492	17853760	14973377	16303106
13	199032495	755603	17964423	57284270	216126534	197141866	75321229	136055942	21523946	51662201	91718540	90630206	17870415	10452732	9406452	15312009	2029971	14294508	7985982	12600372	15527013	15534579	15567998	509323	13607	6598572	13274152	9870342	15666545	7183482	15780631	16339573	16457564	16511671	16530279	16901455	17129546	14958507	16953895	16575213	15456622	18030840	18660360	19323197	19579040	9663492	19320328	19996594	21212145	21346559	22093555	18103410	16871402	14120253	27463744	29674222	22559840	31352453	18166557	39782670	39693940	21931952	38272894	28365960	50888802	35702691	57186667	48249991	51808935	16107051	68571415	76561747	5413762	51254240	44984134	85416304
