0	28659242	18957524
1	16740836	15736190	1780551	629463
2	46509945	68055854
3	24044278	36382338	9533592	1976611	17194296
4	204879301	133431061	38347814	23691649	24057172	102825413	103471472	16464746	64285972
5	104601034	20097342	17058481	80048966	629463	1780551	14947962
6	8559342	87890922	52551600	34689980	23545799	90420314	16303106	41692369	18253799	15884394	34050356	17454769	15439395	14749383	44570946	22461427
7	66803871	36007733	1344951	2890961
8	24889529	55619838	479965367	227775362	33475281	29249528	20697680	14337403	674873	26823762	3440421	26077872	27663355	18408647	14368459	56375803	33456706	332803989	48485771	189520887	5876692	52594536	390894197	151126075	801057	33136115	19677696	17678587	133297907	90366230	20047103	156602922	923811	41421889	158862966	8464692	21076998	22205493	85114893	34222931	23917224	7908272	80837233	97743746	21411794	20026604	42481418	8559342	38062926	16452121	65119655	50125207	36380242	17808081	20309234	19254264	78011391	98513781	20970926	42486688	38347814	69616335	41605269	18433412	151871519	21816442	14231756	16440181	22988077	15407619	43472595	24202643	37898592	169222878	15787974	21182763	84662078	19647878	125996244	5647742	76642236	65294835	15619589	32421348	20458823	18176990	137982546	17235469	39614123	86268045	118360338	18218923	64046315	10221882	83731215	74654261	119640284	19962319	23691649	66803871	48463781	18977619	16240539	15646657	17058481	84534359	15736190	23480504	10226092	14931514	36876401	15606086	21324483	26947525	21199489	55582579	11922692	8262112	14230389	21556678	29237801
9	20097342	18977619	1652541	84380914	16630062	7309052	19611483	17454769	14947962	2890961	6017542	1344951
10	171548022	180613482	103471472	68055854	14497364	36876401	18519756	14158259	14753987	22145950	66535295
11	15379379	15390879	757992	745553
