0	755756	10350	779715	610533	765	8464692	7861312	10241	10450	10959642	15086551	7249822	481453	14276679	15643370	15343773	14655321	12137412	2156951	16541868	18127502	16320428	14134908	5838402	15937155	14438306	14426048	15128159	17456255	48725171	58287188	14112815	14680747	16102671	6477852	110308535	17870415	32578648	58101355	33641840	15310917
1	9183782	5838402
2	38135943	162669122
3	14276679	18177163	38292553	20558389
4	767396	14594520	14824385	38497094
5	8737872	110308535	16548120	40065793
6	15177163	58101355	131613714	29344743	85990462
7	10350	610533	696453	3936151	8464692	791124	4708351	816214	14973634	7081402
8	755756	1267691	5848412	18127502	15683403	8066652	1424001	6477852	16102671	8007092
9	756975	779715	633483	730833	26743	819268	765	633523	1779201	4250951	4893411	1533411	778571	7861312	10241	10450	763986	10959642	1797531	15086551	481453	15643370	15343773	14655321	12137412	2156951	15533823	16541868	18396070	5161281	15362015	16320428	15111389	14134908	15657647	15937155	19125567	16334824	13216042	14438306	14426048	15128159	55073235	22643137	17456255	48725171	68818899	39918963	58287188	14080429	9766832	15680580	14112815	14680747	37219422	27602723	45445539	84640602	16407679	14706267	50137282	1399231	17870415	32578648	53771784	14973377	33641840	15310917	17530819
