0	30926148	12477472	14245253	33607469	30261067
1	16723588	8066692	30261067	14307102	66432209
2	30261067	14746161	25079119	969441	54887398
3	54275864	33658564	30926148	33711024	30261067
4	30261067	14072782	14714627
5	446672326	57026351	22026934	55015842	7592642	81891054	107236336	158579363	14181239	30261067
6	18986524	22026934	263292091	272087341	2065521	7592642	6595682	4517721	814253	33416342	626433	71331671	30261067	626373	6291872	14072782
7	373573313	38282454	30261067	15433229	14245253	3530911	120964561	34828850	14181239	12477472	12298152	814253	5665212	55015842	15454949
8	446672326	57026351	20289145	18648188	344914507	14947499	54275864	10191272	6476742	8066692	14181239	158579363	66432209	41435895	14245253	15433229	14343185	969441	17996177	18293695	3530911	6595682	81891054	107236336	15454949	17993516	15660556	626373	30261067
9	18032507	263292091	120964561	13674082	6476742	12298152	14307102	30261067	12477472	34828850	5665212	14086744
